51748.046875 93.505859375 0.5185546875 0.6767578125 0.2802734375
182373.046875 93.505859375 0.5185546875 0.6767578125 0.2802734375
51748.046875 70.654296875 0.5185546875 0.6767578125 0.2802734375
51748.046875 93.505859375 0.8994140625 0.6767578125 0.2802734375
51748.046875 93.505859375 0.5185546875 0.5009765625 0.2802734375
51748.046875 93.505859375 0.5185546875 0.6767578125 0.0693359375
51748.046875 70.654296875 0.8994140625 0.5009765625 0.0693359375
182373.046875 93.505859375 0.8994140625 0.5009765625 0.0693359375
182373.046875 70.654296875 0.5185546875 0.5009765625 0.0693359375
182373.046875 70.654296875 0.8994140625 0.6767578125 0.0693359375
182373.046875 70.654296875 0.8994140625 0.5009765625 0.2802734375
182373.046875 70.654296875 0.8994140625 0.5009765625 0.0693359375
146748.046875 318.505859375 0.0185546875 0.1767578125 0.7802734375
87373.046875 318.505859375 0.0185546875 0.1767578125 0.7802734375
146748.046875 295.654296875 0.0185546875 0.1767578125 0.7802734375
146748.046875 318.505859375 0.3994140625 0.1767578125 0.7802734375
146748.046875 318.505859375 0.0185546875 9.765625E-4 0.7802734375
146748.046875 318.505859375 0.0185546875 0.1767578125 0.5693359375
146748.046875 295.654296875 0.3994140625 9.765625E-4 0.5693359375
87373.046875 318.505859375 0.3994140625 9.765625E-4 0.5693359375
87373.046875 295.654296875 0.0185546875 9.765625E-4 0.5693359375
87373.046875 295.654296875 0.3994140625 0.1767578125 0.5693359375
87373.046875 295.654296875 0.3994140625 9.765625E-4 0.7802734375
87373.046875 295.654296875 0.3994140625 9.765625E-4 0.5693359375
194248.046875 206.005859375 0.7685546875 0.9267578125 0.5302734375
39873.046875 206.005859375 0.7685546875 0.9267578125 0.5302734375
194248.046875 183.154296875 0.7685546875 0.9267578125 0.5302734375
194248.046875 206.005859375 0.1494140625 0.9267578125 0.5302734375
194248.046875 206.005859375 0.7685546875 0.2509765625 0.5302734375
194248.046875 206.005859375 0.7685546875 0.9267578125 0.8193359375
194248.046875 183.154296875 0.1494140625 0.2509765625 0.8193359375
39873.046875 206.005859375 0.1494140625 0.2509765625 0.8193359375
39873.046875 183.154296875 0.7685546875 0.2509765625 0.8193359375
39873.046875 183.154296875 0.1494140625 0.9267578125 0.8193359375
39873.046875 183.154296875 0.1494140625 0.2509765625 0.5302734375
39873.046875 183.154296875 0.1494140625 0.2509765625 0.8193359375
99248.046875 431.005859375 0.2685546875 0.4267578125 0.0302734375
134873.046875 431.005859375 0.2685546875 0.4267578125 0.0302734375
99248.046875 408.154296875 0.2685546875 0.4267578125 0.0302734375
99248.046875 431.005859375 0.6494140625 0.4267578125 0.0302734375
99248.046875 431.005859375 0.2685546875 0.7509765625 0.0302734375
99248.046875 431.005859375 0.2685546875 0.4267578125 0.3193359375
99248.046875 408.154296875 0.6494140625 0.7509765625 0.3193359375
134873.046875 431.005859375 0.6494140625 0.7509765625 0.3193359375
134873.046875 408.154296875 0.2685546875 0.7509765625 0.3193359375
134873.046875 408.154296875 0.6494140625 0.4267578125 0.3193359375
134873.046875 408.154296875 0.6494140625 0.7509765625 0.0302734375
134873.046875 408.154296875 0.6494140625 0.7509765625 0.3193359375
75498.046875 262.255859375 0.1435546875 0.3017578125 0.1552734375
158623.046875 262.255859375 0.1435546875 0.3017578125 0.1552734375
75498.046875 239.404296875 0.1435546875 0.3017578125 0.1552734375
75498.046875 262.255859375 0.0244140625 0.3017578125 0.1552734375
75498.046875 262.255859375 0.1435546875 0.3759765625 0.1552734375
75498.046875 262.255859375 0.1435546875 0.3017578125 0.6943359375
75498.046875 239.404296875 0.0244140625 0.3759765625 0.6943359375
158623.046875 262.255859375 0.0244140625 0.3759765625 0.6943359375
158623.046875 239.404296875 0.1435546875 0.3759765625 0.6943359375
158623.046875 239.404296875 0.0244140625 0.3017578125 0.6943359375
158623.046875 239.404296875 0.0244140625 0.3759765625 0.1552734375
158623.046875 239.404296875 0.0244140625 0.3759765625 0.6943359375
170498.046875 487.255859375 0.6435546875 0.8017578125 0.6552734375
63623.046875 487.255859375 0.6435546875 0.8017578125 0.6552734375
170498.046875 464.404296875 0.6435546875 0.8017578125 0.6552734375
170498.046875 487.255859375 0.5244140625 0.8017578125 0.6552734375
170498.046875 487.255859375 0.6435546875 0.8759765625 0.6552734375
170498.046875 487.255859375 0.6435546875 0.8017578125 0.1943359375
170498.046875 464.404296875 0.5244140625 0.8759765625 0.1943359375
63623.046875 487.255859375 0.5244140625 0.8759765625 0.1943359375
63623.046875 464.404296875 0.6435546875 0.8759765625 0.1943359375
63623.046875 464.404296875 0.5244140625 0.8017578125 0.1943359375
63623.046875 464.404296875 0.5244140625 0.8759765625 0.6552734375
63623.046875 464.404296875 0.5244140625 0.8759765625 0.1943359375
122998.046875 149.755859375 0.3935546875 0.0517578125 0.9052734375
16123.046875 149.755859375 0.3935546875 0.0517578125 0.9052734375
122998.046875 126.904296875 0.3935546875 0.0517578125 0.9052734375
122998.046875 149.755859375 0.7744140625 0.0517578125 0.9052734375
122998.046875 149.755859375 0.3935546875 0.6259765625 0.9052734375
122998.046875 149.755859375 0.3935546875 0.0517578125 0.4443359375
122998.046875 126.904296875 0.7744140625 0.6259765625 0.4443359375
16123.046875 149.755859375 0.7744140625 0.6259765625 0.4443359375
16123.046875 126.904296875 0.3935546875 0.6259765625 0.4443359375
16123.046875 126.904296875 0.7744140625 0.0517578125 0.4443359375
16123.046875 126.904296875 0.7744140625 0.6259765625 0.9052734375
16123.046875 126.904296875 0.7744140625 0.6259765625 0.4443359375
27998.046875 374.755859375 0.8935546875 0.5517578125 0.4052734375
111123.046875 374.755859375 0.8935546875 0.5517578125 0.4052734375
27998.046875 351.904296875 0.8935546875 0.5517578125 0.4052734375
27998.046875 374.755859375 0.2744140625 0.5517578125 0.4052734375
27998.046875 374.755859375 0.8935546875 0.1259765625 0.4052734375
27998.046875 374.755859375 0.8935546875 0.5517578125 0.9443359375
27998.046875 351.904296875 0.2744140625 0.1259765625 0.9443359375
111123.046875 374.755859375 0.2744140625 0.1259765625 0.9443359375
111123.046875 351.904296875 0.8935546875 0.1259765625 0.9443359375
111123.046875 351.904296875 0.2744140625 0.5517578125 0.9443359375
111123.046875 351.904296875 0.2744140625 0.1259765625 0.4052734375
111123.046875 351.904296875 0.2744140625 0.1259765625 0.9443359375
22060.546875 135.693359375 0.0498046875 0.4580078125 0.6240234375
57685.546875 135.693359375 0.0498046875 0.4580078125 0.6240234375
22060.546875 478.466796875 0.0498046875 0.4580078125 0.6240234375
22060.546875 135.693359375 0.8056640625 0.4580078125 0.6240234375
22060.546875 135.693359375 0.0498046875 0.0322265625 0.6240234375
22060.546875 135.693359375 0.0498046875 0.4580078125 0.4130859375
22060.546875 478.466796875 0.8056640625 0.0322265625 0.4130859375
57685.546875 135.693359375 0.8056640625 0.0322265625 0.4130859375
57685.546875 478.466796875 0.0498046875 0.0322265625 0.4130859375
57685.546875 478.466796875 0.8056640625 0.4580078125 0.4130859375
57685.546875 478.466796875 0.8056640625 0.0322265625 0.6240234375
57685.546875 478.466796875 0.8056640625 0.0322265625 0.4130859375
117060.546875 360.693359375 0.5498046875 0.9580078125 0.1240234375
152685.546875 360.693359375 0.5498046875 0.9580078125 0.1240234375
117060.546875 253.466796875 0.5498046875 0.9580078125 0.1240234375
117060.546875 360.693359375 0.3056640625 0.9580078125 0.1240234375
117060.546875 360.693359375 0.5498046875 0.5322265625 0.1240234375
117060.546875 360.693359375 0.5498046875 0.9580078125 0.9130859375
117060.546875 253.466796875 0.3056640625 0.5322265625 0.9130859375
152685.546875 360.693359375 0.3056640625 0.5322265625 0.9130859375
152685.546875 253.466796875 0.5498046875 0.5322265625 0.9130859375
152685.546875 253.466796875 0.3056640625 0.9580078125 0.9130859375
152685.546875 253.466796875 0.3056640625 0.5322265625 0.1240234375
152685.546875 253.466796875 0.3056640625 0.5322265625 0.9130859375
164560.546875 248.193359375 0.2998046875 0.2080078125 0.3740234375
105185.546875 248.193359375 0.2998046875 0.2080078125 0.3740234375
164560.546875 365.966796875 0.2998046875 0.2080078125 0.3740234375
164560.546875 248.193359375 0.0556640625 0.2080078125 0.3740234375
164560.546875 248.193359375 0.2998046875 0.7822265625 0.3740234375
164560.546875 248.193359375 0.2998046875 0.2080078125 0.6630859375
164560.546875 365.966796875 0.0556640625 0.7822265625 0.6630859375
105185.546875 248.193359375 0.0556640625 0.7822265625 0.6630859375
105185.546875 365.966796875 0.2998046875 0.7822265625 0.6630859375
105185.546875 365.966796875 0.0556640625 0.2080078125 0.6630859375
105185.546875 365.966796875 0.0556640625 0.7822265625 0.3740234375
105185.546875 365.966796875 0.0556640625 0.7822265625 0.6630859375
69560.546875 473.193359375 0.7998046875 0.7080078125 0.8740234375
10185.546875 473.193359375 0.7998046875 0.7080078125 0.8740234375
69560.546875 140.966796875 0.7998046875 0.7080078125 0.8740234375
69560.546875 473.193359375 0.5556640625 0.7080078125 0.8740234375
69560.546875 473.193359375 0.7998046875 0.2822265625 0.8740234375
69560.546875 473.193359375 0.7998046875 0.7080078125 0.1630859375
69560.546875 140.966796875 0.5556640625 0.2822265625 0.1630859375
10185.546875 473.193359375 0.5556640625 0.2822265625 0.1630859375
10185.546875 140.966796875 0.7998046875 0.2822265625 0.1630859375
10185.546875 140.966796875 0.5556640625 0.7080078125 0.1630859375
10185.546875 140.966796875 0.5556640625 0.2822265625 0.8740234375
10185.546875 140.966796875 0.5556640625 0.2822265625 0.1630859375
93310.546875 191.943359375 0.6748046875 0.5830078125 0.9990234375
81435.546875 191.943359375 0.6748046875 0.5830078125 0.9990234375
93310.546875 309.716796875 0.6748046875 0.5830078125 0.9990234375
93310.546875 191.943359375 0.1806640625 0.5830078125 0.9990234375
93310.546875 191.943359375 0.6748046875 0.9072265625 0.9990234375
93310.546875 191.943359375 0.6748046875 0.5830078125 0.7880859375
93310.546875 309.716796875 0.1806640625 0.9072265625 0.7880859375
81435.546875 191.943359375 0.1806640625 0.9072265625 0.7880859375
81435.546875 309.716796875 0.6748046875 0.9072265625 0.7880859375
81435.546875 309.716796875 0.1806640625 0.5830078125 0.7880859375
81435.546875 309.716796875 0.1806640625 0.9072265625 0.9990234375
81435.546875 309.716796875 0.1806640625 0.9072265625 0.7880859375
188310.546875 416.943359375 0.1748046875 0.0830078125 0.4990234375
176435.546875 416.943359375 0.1748046875 0.0830078125 0.4990234375
188310.546875 84.716796875 0.1748046875 0.0830078125 0.4990234375
188310.546875 416.943359375 0.6806640625 0.0830078125 0.4990234375
188310.546875 416.943359375 0.1748046875 0.4072265625 0.4990234375
188310.546875 416.943359375 0.1748046875 0.0830078125 0.2880859375
188310.546875 84.716796875 0.6806640625 0.4072265625 0.2880859375
176435.546875 416.943359375 0.6806640625 0.4072265625 0.2880859375
176435.546875 84.716796875 0.1748046875 0.4072265625 0.2880859375
176435.546875 84.716796875 0.6806640625 0.0830078125 0.2880859375
176435.546875 84.716796875 0.6806640625 0.4072265625 0.4990234375
176435.546875 84.716796875 0.6806640625 0.4072265625 0.2880859375
140810.546875 79.443359375 0.9248046875 0.8330078125 0.2490234375
128935.546875 79.443359375 0.9248046875 0.8330078125 0.2490234375
140810.546875 422.216796875 0.9248046875 0.8330078125 0.2490234375
140810.546875 79.443359375 0.9306640625 0.8330078125 0.2490234375
140810.546875 79.443359375 0.9248046875 0.1572265625 0.2490234375
140810.546875 79.443359375 0.9248046875 0.8330078125 0.0380859375
140810.546875 422.216796875 0.9306640625 0.1572265625 0.0380859375
128935.546875 79.443359375 0.9306640625 0.1572265625 0.0380859375
128935.546875 422.216796875 0.9248046875 0.1572265625 0.0380859375
128935.546875 422.216796875 0.9306640625 0.8330078125 0.0380859375
128935.546875 422.216796875 0.9306640625 0.1572265625 0.2490234375
128935.546875 422.216796875 0.9306640625 0.1572265625 0.0380859375
