82958.984375 93.505859375 0.5185546875 0.6767578125 0.2802734375
186083.984375 93.505859375 0.5185546875 0.6767578125 0.2802734375
82958.984375 70.654296875 0.5185546875 0.6767578125 0.2802734375
82958.984375 93.505859375 0.8994140625 0.6767578125 0.2802734375
82958.984375 93.505859375 0.5185546875 0.5009765625 0.2802734375
82958.984375 93.505859375 0.5185546875 0.6767578125 0.0693359375
82958.984375 70.654296875 0.8994140625 0.5009765625 0.0693359375
186083.984375 93.505859375 0.8994140625 0.5009765625 0.0693359375
186083.984375 70.654296875 0.5185546875 0.5009765625 0.0693359375
186083.984375 70.654296875 0.8994140625 0.6767578125 0.0693359375
186083.984375 70.654296875 0.8994140625 0.5009765625 0.2802734375
186083.984375 70.654296875 0.8994140625 0.5009765625 0.0693359375
157958.984375 318.505859375 0.0185546875 0.1767578125 0.7802734375
111083.984375 318.505859375 0.0185546875 0.1767578125 0.7802734375
157958.984375 295.654296875 0.0185546875 0.1767578125 0.7802734375
157958.984375 318.505859375 0.3994140625 0.1767578125 0.7802734375
157958.984375 318.505859375 0.0185546875 9.765625E-4 0.7802734375
157958.984375 318.505859375 0.0185546875 0.1767578125 0.5693359375
157958.984375 295.654296875 0.3994140625 9.765625E-4 0.5693359375
111083.984375 318.505859375 0.3994140625 9.765625E-4 0.5693359375
111083.984375 295.654296875 0.0185546875 9.765625E-4 0.5693359375
111083.984375 295.654296875 0.3994140625 0.1767578125 0.5693359375
111083.984375 295.654296875 0.3994140625 9.765625E-4 0.7802734375
111083.984375 295.654296875 0.3994140625 9.765625E-4 0.5693359375
195458.984375 206.005859375 0.7685546875 0.9267578125 0.5302734375
73583.984375 206.005859375 0.7685546875 0.9267578125 0.5302734375
195458.984375 183.154296875 0.7685546875 0.9267578125 0.5302734375
195458.984375 206.005859375 0.1494140625 0.9267578125 0.5302734375
195458.984375 206.005859375 0.7685546875 0.2509765625 0.5302734375
195458.984375 206.005859375 0.7685546875 0.9267578125 0.8193359375
195458.984375 183.154296875 0.1494140625 0.2509765625 0.8193359375
73583.984375 206.005859375 0.1494140625 0.2509765625 0.8193359375
73583.984375 183.154296875 0.7685546875 0.2509765625 0.8193359375
73583.984375 183.154296875 0.1494140625 0.9267578125 0.8193359375
73583.984375 183.154296875 0.1494140625 0.2509765625 0.5302734375
73583.984375 183.154296875 0.1494140625 0.2509765625 0.8193359375
