82958.984375 93.505859375 0.25927734375 0.33837890625 0.64013671875
186083.984375 93.505859375 0.25927734375 0.33837890625 0.64013671875
82958.984375 70.654296875 0.25927734375 0.33837890625 0.64013671875
82958.984375 93.505859375 0.44970703125 0.33837890625 0.64013671875
82958.984375 93.505859375 0.25927734375 0.25048828125 0.64013671875
82958.984375 93.505859375 0.25927734375 0.33837890625 0.53466796875
82958.984375 70.654296875 0.44970703125 0.25048828125 0.53466796875
186083.984375 93.505859375 0.44970703125 0.25048828125 0.53466796875
186083.984375 70.654296875 0.25927734375 0.25048828125 0.53466796875
186083.984375 70.654296875 0.44970703125 0.33837890625 0.53466796875
186083.984375 70.654296875 0.44970703125 0.25048828125 0.64013671875
186083.984375 70.654296875 0.44970703125 0.25048828125 0.53466796875
157958.984375 318.505859375 0.00927734375 0.08837890625 0.89013671875
111083.984375 318.505859375 0.00927734375 0.08837890625 0.89013671875
157958.984375 295.654296875 0.00927734375 0.08837890625 0.89013671875
157958.984375 318.505859375 0.19970703125 0.08837890625 0.89013671875
157958.984375 318.505859375 0.00927734375 4.8828125E-4 0.89013671875
157958.984375 318.505859375 0.00927734375 0.08837890625 0.78466796875
157958.984375 295.654296875 0.19970703125 4.8828125E-4 0.78466796875
111083.984375 318.505859375 0.19970703125 4.8828125E-4 0.78466796875
111083.984375 295.654296875 0.00927734375 4.8828125E-4 0.78466796875
111083.984375 295.654296875 0.19970703125 0.08837890625 0.78466796875
111083.984375 295.654296875 0.19970703125 4.8828125E-4 0.89013671875
111083.984375 295.654296875 0.19970703125 4.8828125E-4 0.78466796875
195458.984375 206.005859375 0.38427734375 0.46337890625 0.76513671875
73583.984375 206.005859375 0.38427734375 0.46337890625 0.76513671875
195458.984375 183.154296875 0.38427734375 0.46337890625 0.76513671875
195458.984375 206.005859375 0.07470703125 0.46337890625 0.76513671875
195458.984375 206.005859375 0.38427734375 0.12548828125 0.76513671875
195458.984375 206.005859375 0.38427734375 0.46337890625 0.90966796875
195458.984375 183.154296875 0.07470703125 0.12548828125 0.90966796875
73583.984375 206.005859375 0.07470703125 0.12548828125 0.90966796875
73583.984375 183.154296875 0.38427734375 0.12548828125 0.90966796875
73583.984375 183.154296875 0.07470703125 0.46337890625 0.90966796875
73583.984375 183.154296875 0.07470703125 0.12548828125 0.76513671875
73583.984375 183.154296875 0.07470703125 0.12548828125 0.90966796875
120458.984375 431.005859375 0.13427734375 0.21337890625 0.51513671875
148583.984375 431.005859375 0.13427734375 0.21337890625 0.51513671875
120458.984375 408.154296875 0.13427734375 0.21337890625 0.51513671875
120458.984375 431.005859375 0.32470703125 0.21337890625 0.51513671875
120458.984375 431.005859375 0.13427734375 0.37548828125 0.51513671875
120458.984375 431.005859375 0.13427734375 0.21337890625 0.65966796875
120458.984375 408.154296875 0.32470703125 0.37548828125 0.65966796875
148583.984375 431.005859375 0.32470703125 0.37548828125 0.65966796875
148583.984375 408.154296875 0.13427734375 0.37548828125 0.65966796875
148583.984375 408.154296875 0.32470703125 0.21337890625 0.65966796875
148583.984375 408.154296875 0.32470703125 0.37548828125 0.51513671875
148583.984375 408.154296875 0.32470703125 0.37548828125 0.65966796875
101708.984375 262.255859375 0.07177734375 0.15087890625 0.57763671875
167333.984375 262.255859375 0.07177734375 0.15087890625 0.57763671875
101708.984375 239.404296875 0.07177734375 0.15087890625 0.57763671875
101708.984375 262.255859375 0.01220703125 0.15087890625 0.57763671875
101708.984375 262.255859375 0.07177734375 0.18798828125 0.57763671875
101708.984375 262.255859375 0.07177734375 0.15087890625 0.84716796875
101708.984375 239.404296875 0.01220703125 0.18798828125 0.84716796875
167333.984375 262.255859375 0.01220703125 0.18798828125 0.84716796875
167333.984375 239.404296875 0.07177734375 0.18798828125 0.84716796875
167333.984375 239.404296875 0.01220703125 0.15087890625 0.84716796875
167333.984375 239.404296875 0.01220703125 0.18798828125 0.57763671875
167333.984375 239.404296875 0.01220703125 0.18798828125 0.84716796875
176708.984375 487.255859375 0.32177734375 0.40087890625 0.82763671875
92333.984375 487.255859375 0.32177734375 0.40087890625 0.82763671875
176708.984375 464.404296875 0.32177734375 0.40087890625 0.82763671875
176708.984375 487.255859375 0.26220703125 0.40087890625 0.82763671875
176708.984375 487.255859375 0.32177734375 0.43798828125 0.82763671875
176708.984375 487.255859375 0.32177734375 0.40087890625 0.59716796875
176708.984375 464.404296875 0.26220703125 0.43798828125 0.59716796875
92333.984375 487.255859375 0.26220703125 0.43798828125 0.59716796875
92333.984375 464.404296875 0.32177734375 0.43798828125 0.59716796875
92333.984375 464.404296875 0.26220703125 0.40087890625 0.59716796875
92333.984375 464.404296875 0.26220703125 0.43798828125 0.82763671875
92333.984375 464.404296875 0.26220703125 0.43798828125 0.59716796875
139208.984375 149.755859375 0.19677734375 0.02587890625 0.95263671875
54833.984375 149.755859375 0.19677734375 0.02587890625 0.95263671875
139208.984375 126.904296875 0.19677734375 0.02587890625 0.95263671875
139208.984375 149.755859375 0.38720703125 0.02587890625 0.95263671875
139208.984375 149.755859375 0.19677734375 0.31298828125 0.95263671875
139208.984375 149.755859375 0.19677734375 0.02587890625 0.72216796875
139208.984375 126.904296875 0.38720703125 0.31298828125 0.72216796875
54833.984375 149.755859375 0.38720703125 0.31298828125 0.72216796875
54833.984375 126.904296875 0.19677734375 0.31298828125 0.72216796875
54833.984375 126.904296875 0.38720703125 0.02587890625 0.72216796875
54833.984375 126.904296875 0.38720703125 0.31298828125 0.95263671875
54833.984375 126.904296875 0.38720703125 0.31298828125 0.72216796875
64208.984375 374.755859375 0.44677734375 0.27587890625 0.70263671875
129833.984375 374.755859375 0.44677734375 0.27587890625 0.70263671875
64208.984375 351.904296875 0.44677734375 0.27587890625 0.70263671875
64208.984375 374.755859375 0.13720703125 0.27587890625 0.70263671875
64208.984375 374.755859375 0.44677734375 0.06298828125 0.70263671875
64208.984375 374.755859375 0.44677734375 0.27587890625 0.97216796875
64208.984375 351.904296875 0.13720703125 0.06298828125 0.97216796875
129833.984375 374.755859375 0.13720703125 0.06298828125 0.97216796875
129833.984375 351.904296875 0.44677734375 0.06298828125 0.97216796875
129833.984375 351.904296875 0.13720703125 0.27587890625 0.97216796875
129833.984375 351.904296875 0.13720703125 0.06298828125 0.70263671875
129833.984375 351.904296875 0.13720703125 0.06298828125 0.97216796875
59521.484375 135.693359375 0.02490234375 0.22900390625 0.81201171875
87646.484375 135.693359375 0.02490234375 0.22900390625 0.81201171875
59521.484375 478.466796875 0.02490234375 0.22900390625 0.81201171875
59521.484375 135.693359375 0.40283203125 0.22900390625 0.81201171875
59521.484375 135.693359375 0.02490234375 0.01611328125 0.81201171875
59521.484375 135.693359375 0.02490234375 0.22900390625 0.70654296875
59521.484375 478.466796875 0.40283203125 0.01611328125 0.70654296875
87646.484375 135.693359375 0.40283203125 0.01611328125 0.70654296875
87646.484375 478.466796875 0.02490234375 0.01611328125 0.70654296875
87646.484375 478.466796875 0.40283203125 0.22900390625 0.70654296875
87646.484375 478.466796875 0.40283203125 0.01611328125 0.81201171875
87646.484375 478.466796875 0.40283203125 0.01611328125 0.70654296875
134521.484375 360.693359375 0.27490234375 0.47900390625 0.56201171875
162646.484375 360.693359375 0.27490234375 0.47900390625 0.56201171875
134521.484375 253.466796875 0.27490234375 0.47900390625 0.56201171875
134521.484375 360.693359375 0.15283203125 0.47900390625 0.56201171875
134521.484375 360.693359375 0.27490234375 0.26611328125 0.56201171875
134521.484375 360.693359375 0.27490234375 0.47900390625 0.95654296875
134521.484375 253.466796875 0.15283203125 0.26611328125 0.95654296875
162646.484375 360.693359375 0.15283203125 0.26611328125 0.95654296875
162646.484375 253.466796875 0.27490234375 0.26611328125 0.95654296875
162646.484375 253.466796875 0.15283203125 0.47900390625 0.95654296875
162646.484375 253.466796875 0.15283203125 0.26611328125 0.56201171875
162646.484375 253.466796875 0.15283203125 0.26611328125 0.95654296875
