3448.0 2497.0 1.0
2430.0 3764.0 1.0
3568.0 2540.0 0.0
2478.0 3021.0 2.0
2553.0 2816.0 2.0
2456.0 3749.0 0.0
2510.0 3391.0 0.0
2471.0 3735.0 0.0
2504.0 3255.0 1.0
3056.0 2551.0 0.0
2795.0 2604.0 0.0
3207.0 2549.0 0.0
2715.0 2777.0 0.0
2518.0 3093.0 0.0
3338.0 2517.0 1.0
2964.0 2603.0 0.0
2636.0 2854.0 0.0
3298.0 2533.0 1.0
2618.0 2658.0 1.0
2972.0 2601.0 1.0
2718.0 2634.0 0.0
2605.0 2924.0 1.0
2535.0 2987.0 0.0
2625.0 2898.0 0.0
2549.0 2943.0 1.0
2521.0 3011.0 0.0
2519.0 3016.0 1.0
